 
  kpoint:       1             coordinate:     0.0000    0.0000    0.0000
 
    n           k   ϵ_nk^DFT (eV)     Σ^c_nk (eV)     Σ^x_nk (eV)    v_nk^xc (eV)   ϵ_nk^G0W0 (eV)
 
    1 (occ)     1         -27.926           8.834         -31.206         -19.696          -30.603
    2 (occ)     1         -14.193           3.657         -25.599         -17.955          -18.180
    3 (occ)     1         -10.820           1.468         -22.363         -17.297          -14.418
    4 (occ)     1         -10.820           1.468         -22.363         -17.297          -14.418
    5 (occ)     1          -9.186           1.734         -20.516         -15.140          -12.829
    6 (vir)     1          -3.326          -0.847          -8.274         -14.644            2.198
    7 (vir)     1          -3.326          -0.847          -8.274         -14.644            2.198
    8 (vir)     1           4.057          -0.884          -3.199          -7.659            7.634
    9 (vir)     1           5.918          -1.001          -1.086          -4.771            8.601
   10 (vir)     1           5.918          -1.001          -1.086          -4.771            8.601
   11 (vir)     1           6.932          -0.193          -1.124          -4.979           10.595
   12 (vir)     1           6.932          -0.193          -1.124          -4.979           10.595
   13 (vir)     1           8.105          -0.970          -2.195          -6.553           11.492
   14 (vir)     1           9.289          -1.697          -5.729         -12.968           14.831
   15 (vir)     1           9.370          -1.503          -2.138          -7.061           12.790
   16 (vir)     1           9.370          -1.503          -2.138          -7.061           12.790
   17 (vir)     1          12.970          -1.723          -2.653          -8.207           16.800
   18 (vir)     1          15.956           1.846          -2.177          -8.026           23.651
   19 (vir)     1          15.956           1.846          -2.177          -8.026           23.651
   20 (vir)     1          16.516          -2.111          -1.780          -6.934           19.559
   21 (vir)     1          16.516          -2.106          -1.780          -6.933           19.565
   22 (vir)     1          30.452          -7.112          -4.235         -12.614           31.719
   23 (vir)     1          61.188           1.654          -4.149         -16.360           75.052
   24 (vir)     1          61.188           1.654          -4.149         -16.360           75.052
   25 (vir)     1          84.521           0.519          -2.250         -11.982           94.773
   26 (vir)     1         175.577           0.891          -1.936         -13.565          188.098
 
